4 0.400546 0.830522 0.090278 0.134590
3 0.509549 0.819940 0.092014 0.108796
3 0.552083 0.776290 0.099206 0.106151
3 0.602679 0.831680 0.062004 0.108466
3 0.614955 0.710152 0.069196 0.101521
3 0.697421 0.666336 0.070933 0.099206
3 0.728423 0.477513 0.062004 0.066138
3 0.751364 0.427910 0.051339 0.066138
3 0.703497 0.585813 0.069196 0.080357
2 0.951513 0.510582 0.072669 0.094577
3 0.299727 0.660549 0.051339 0.059193
2 0.067584 0.295139 0.051339 0.047288
2 0.016245 0.489253 0.030010 0.137235
2 0.258061 0.375827 0.042411 0.080357
2 0.472346 0.799769 0.053323 0.073082
2 0.678819 0.537698 0.040675 0.044974
2 0.917039 0.215278 0.042411 0.070767
2 0.958705 0.178737 0.047867 0.040013
