1 0.191592 0.737269 0.093998 0.108796
1 0.128596 0.541171 0.085069 0.160384
1 0.187128 0.496362 0.060268 0.108466
1 0.321801 0.692460 0.053323 0.085317
1 0.827629 0.439484 0.062004 0.099206
2 0.948041 0.479828 0.093998 0.094577
4 0.962054 0.636905 0.075893 0.172619
0 0.654762 0.302579 0.173611 0.203042
0 0.476687 0.503472 0.186012 0.221892
2 0.438616 0.613261 0.085069 0.106151
2 0.385541 0.711310 0.116815 0.127646
2 0.576017 0.708829 0.079613 0.108796
0 0.296999 0.254299 0.180804 0.276455
0 0.566220 0.111276 0.141865 0.160384
1 0.638889 0.012070 0.067460 0.023479
1 0.570685 0.567295 0.055060 0.113426
1 0.186260 0.300265 0.062004 0.085317
