1 0.504134 0.703001 0.080357 0.045387
1 0.707672 0.655506 0.084656 0.056052
1 0.642857 0.644345 0.047619 0.037698
1 0.936177 0.653522 0.127646 0.079861
1 0.162698 0.722470 0.105159 0.058036
1 0.280589 0.730531 0.070437 0.031498
1 0.216601 0.621652 0.123677 0.052827
1 0.029762 0.645337 0.057540 0.082837
1 0.023313 0.426339 0.044643 0.080853
1 0.692460 0.139137 0.066138 0.049603
1 0.318618 0.213418 0.109458 0.051835
1 0.121693 0.177455 0.072090 0.052827
1 0.132440 0.233383 0.061839 0.050595
1 0.189980 0.222594 0.067791 0.070188
0 0.854993 0.195064 0.114749 0.090526
0 0.653770 0.116443 0.074735 0.075645
0 0.527943 0.546131 0.153770 0.104663
