4 0.270075 0.649772 0.132586 0.073354
1 0.919935 0.909139 0.046685 0.046919
1 0.969655 0.962798 0.046685 0.047094
1 0.391923 0.556810 0.072829 0.071254
1 0.374416 0.621936 0.046685 0.028536
1 0.526844 0.754902 0.062558 0.042717
1 0.726657 0.648109 0.056956 0.035014
1 0.690943 0.719888 0.058357 0.033964
1 0.291900 0.573267 0.097806 0.064601
1 0.476541 0.459909 0.064192 0.052521
2 0.461835 0.503151 0.064192 0.036064
0 0.326914 0.498775 0.097806 0.062325
0 0.628151 0.448004 0.128385 0.087535
0 0.553805 0.483456 0.137021 0.090861
0 0.343021 0.279412 0.147292 0.087535
0 0.480976 0.218225 0.087535 0.091912
0 0.450980 0.285977 0.120915 0.056898
0 0.426937 0.369660 0.175070 0.073354
