4 0.071312 0.454482 0.142157 0.087535
1 0.073063 0.618697 0.094771 0.087535
3 0.625350 0.107055 0.081699 0.066702
2 0.338002 0.083596 0.093371 0.065651
3 0.818627 0.023372 0.083100 0.046043
0 0.470588 0.484594 0.116713 0.088585
0 0.703315 0.057861 0.129785 0.080007
3 0.888655 0.072567 0.077498 0.056898
0 0.569911 0.428746 0.119748 0.077731
0 0.534781 0.271271 0.151727 0.090861
0 0.752918 0.509279 0.167834 0.140056
0 0.776377 0.625175 0.080299 0.061275
0 0.823763 0.721464 0.125584 0.107143
0 0.836835 0.280550 0.102241 0.107318
0 0.769725 0.124562 0.108077 0.066702
0 0.881303 0.388305 0.121148 0.066877
