2 0.868785 0.169935 0.102766 0.128385
2 0.871148 0.479225 0.088235 0.108310
2 0.650385 0.628852 0.108193 0.131653
2 0.589461 0.694561 0.099440 0.121148
2 0.579482 0.786298 0.096989 0.122082
2 0.488796 0.560924 0.093838 0.129318
2 0.476803 0.650093 0.106618 0.116713
2 0.289041 0.687675 0.184524 0.181606
2 0.131127 0.541317 0.078782 0.109244
2 0.115546 0.479225 0.098739 0.108310
1 0.455357 0.451564 0.111345 0.150560
0 0.750263 0.122666 0.112220 0.112278
3 0.144170 0.422969 0.100315 0.101774
3 0.231355 0.495682 0.112220 0.130486
3 0.222952 0.384804 0.077906 0.082866
3 0.201856 0.303571 0.120098 0.132820
3 0.372199 0.297852 0.163165 0.163399
3 0.436712 0.175187 0.097864 0.102941
3 0.518557 0.190126 0.075630 0.083800
3 0.281513 0.096639 0.072479 0.100840
3 0.242034 0.199580 0.155987 0.109244
0 0.723564 0.559290 0.119398 0.179272
