4 0.904937 0.592204 0.111345 0.128385
2 0.841299 0.498366 0.049195 0.070028
2 0.276348 0.663749 0.062150 0.063725
2 0.316877 0.699813 0.066877 0.065826
2 0.214636 0.557190 0.058123 0.092437
2 0.274772 0.524860 0.050945 0.072129
1 0.232931 0.423436 0.053396 0.081699
1 0.295431 0.361928 0.044643 0.062792
3 0.397321 0.119514 0.302346 0.237628
3 0.606968 0.153945 0.034314 0.304622
3 0.560049 0.392740 0.110644 0.304622
3 0.461310 0.458450 0.161415 0.119981
3 0.699667 0.762488 0.194153 0.428805
3 0.892595 0.380019 0.210959 0.109244
3 0.904587 0.455882 0.183824 0.038282
0 0.024510 0.274393 0.046919 0.099673
