3 0.186158 0.429884 0.370448 0.110469
3 0.628151 0.418417 0.163399 0.220938
3 0.510037 0.223127 0.154528 0.311800
3 0.849323 0.430497 0.296218 0.131303
3 0.890173 0.502101 0.214519 0.073179
3 0.829599 0.695816 0.268441 0.268032
3 0.588119 0.754902 0.208450 0.200280
3 0.294935 0.659664 0.380719 0.180672
4 0.358427 0.726366 0.064192 0.068978
1 0.793184 0.333071 0.070028 0.063550
2 0.727474 0.130077 0.087535 0.081933
2 0.358310 0.145396 0.131186 0.086310
2 0.224790 0.181022 0.115313 0.078782
1 0.617997 0.946341 0.154762 0.095063
