1 0.178484 0.623950 0.074755 0.105042
1 0.144958 0.441527 0.055672 0.077264
1 0.203431 0.377918 0.043768 0.058357
2 0.164478 0.697246 0.059699 0.077498
2 0.211397 0.742297 0.056548 0.076564
2 0.112395 0.576214 0.058824 0.107143
2 0.769695 0.529645 0.065301 0.085901
2 0.729079 0.567694 0.044643 0.058357
4 0.834471 0.621965 0.132878 0.130486
0 0.690914 0.427754 0.046043 0.037115
3 0.275560 0.116830 0.291317 0.232260
3 0.474440 0.279178 0.113095 0.550887
3 0.365459 0.492414 0.270483 0.141223
3 0.442227 0.729108 0.113796 0.336368
3 0.868347 0.382120 0.254552 0.132586
3 0.865984 0.485528 0.226015 0.040149
3 0.772059 0.736928 0.162465 0.233427
3 0.624825 0.853641 0.119398 0.292717
