0 0.400677 0.718750 0.113679 0.112570
0 0.450280 0.630690 0.113912 0.067752
0 0.110994 0.421656 0.097806 0.102766
0 0.714402 0.231268 0.099206 0.124650
0 0.824463 0.253151 0.106443 0.098389
1 0.560341 0.232405 0.109477 0.072304
1 0.017740 0.560049 0.033613 0.086485
3 0.191993 0.032038 0.145892 0.063725
3 0.305789 0.125700 0.177871 0.125700
3 0.346639 0.043155 0.113912 0.083158
3 0.459734 0.013043 0.077264 0.022934
3 0.446662 0.090686 0.077264 0.064426
3 0.521825 0.119135 0.099206 0.080007
3 0.575747 0.168943 0.084734 0.070028
3 0.674953 0.097251 0.253735 0.189251
3 0.874767 0.116422 0.075864 0.072129
0 0.232143 0.358193 0.173436 0.102941
0 0.760271 0.438113 0.080299 0.091912
0 0.795985 0.582546 0.081699 0.050245
