1 0.167951 0.629027 0.121148 0.079832
1 0.211018 0.693015 0.125584 0.076506
1 0.108193 0.736782 0.077264 0.081057
1 0.323296 0.752714 0.072829 0.040441
1 0.517390 0.831408 0.157563 0.095238
1 0.674837 0.807948 0.081699 0.061275
1 0.753735 0.798057 0.116713 0.076506
1 0.225490 0.167805 0.081699 0.063550
2 0.278128 0.847339 0.102007 0.078782
0 0.420401 0.073179 0.115313 0.090686
0 0.465570 0.513043 0.115079 0.088761
0 0.779295 0.436975 0.097806 0.094188
0 0.865313 0.295256 0.109244 0.110469
2 0.934641 0.422794 0.043884 0.043768
2 0.918534 0.456670 0.058357 0.054797
0 0.314542 0.307335 0.113679 0.060049
0 0.128501 0.366422 0.132820 0.119398
0 0.614379 0.169993 0.089169 0.050420
