0 0.234360 0.389356 0.113912 0.103992
1 0.144608 0.476891 0.097806 0.071078
0 0.571312 0.428746 0.137021 0.112745
0 0.575047 0.489583 0.158964 0.091912
0 0.709267 0.552959 0.100607 0.107318
0 0.663282 0.631215 0.087535 0.103817
0 0.822246 0.515844 0.110878 0.083158
0 0.679272 0.450630 0.107843 0.088585
0 0.399160 0.356530 0.113912 0.082108
0 0.351774 0.409664 0.141457 0.094188
3 0.496965 0.027836 0.070028 0.052521
3 0.559757 0.015669 0.046685 0.030637
3 0.559641 0.070991 0.099206 0.040441
0 0.750000 0.017770 0.126984 0.035189
0 0.591036 0.868085 0.109244 0.091912
0 0.677871 0.895483 0.093371 0.080882
0 0.656746 0.952381 0.112278 0.080882
1 0.402077 0.768032 0.084734 0.036064
1 0.866713 0.440214 0.071429 0.065651
