0 0.357610 0.035889 0.100840 0.071429
2 0.090570 0.163428 0.103641 0.067752
2 0.725957 0.312237 0.084500 0.083158
1 0.224090 0.579219 0.093371 0.067752
1 0.328431 0.602766 0.065826 0.066877
1 0.023926 0.023810 0.047386 0.047269
3 0.472106 0.723127 0.052521 0.031688
3 0.431256 0.738445 0.049720 0.031863
0 0.593254 0.646534 0.087535 0.075630
0 0.688842 0.702293 0.138655 0.055847
0 0.734711 0.426033 0.099206 0.063550
0 0.493931 0.522934 0.116713 0.086485
0 0.411648 0.456670 0.065593 0.063550
0 0.498366 0.330357 0.105042 0.062325
0 0.582983 0.354429 0.078665 0.066702
0 0.260621 0.508666 0.073063 0.051296
