2 0.313142 0.199580 0.154762 0.120448
2 0.545051 0.187500 0.093371 0.076681
2 0.105275 0.337447 0.103641 0.074405
2 0.144608 0.513655 0.118347 0.061275
2 0.195028 0.665704 0.110878 0.074405
2 0.840570 0.874125 0.115313 0.079832
1 0.837535 0.685399 0.071429 0.070028
1 0.277428 0.263568 0.109477 0.051296
1 0.264239 0.329219 0.085901 0.057948
1 0.386088 0.328694 0.084500 0.046043
0 0.634104 0.408001 0.160364 0.150035
0 0.828081 0.514706 0.110878 0.102941
0 0.881419 0.482931 0.115313 0.098564
0 0.916317 0.565564 0.121148 0.097514
0 0.644958 0.701768 0.118114 0.116071
