1 0.305886 0.483383 0.095238 0.075893
1 0.250000 0.282242 0.082672 0.064980
1 0.245205 0.210689 0.084325 0.059276
0 0.344577 0.223710 0.158069 0.065972
0 0.420800 0.173487 0.093585 0.089534
2 0.062500 0.443452 0.101190 0.075893
2 0.118552 0.579117 0.102844 0.074405
3 0.809193 0.524058 0.125000 0.140377
3 0.876323 0.249256 0.174603 0.141865
3 0.918485 0.435888 0.163029 0.261657
3 0.743221 0.607391 0.308532 0.075893
3 0.819279 0.393849 0.093585 0.152778
3 0.778935 0.671379 0.130622 0.074405
0 0.453869 0.369048 0.126653 0.120040
0 0.721892 0.225818 0.141534 0.078621
3 0.599702 0.718998 0.135913 0.048115
