3 0.876167 0.845063 0.247666 0.166317
3 0.399977 0.268995 0.684174 0.285539
3 0.208800 0.461660 0.310691 0.088585
3 0.116947 0.580357 0.188142 0.087535
3 0.256303 0.548057 0.093371 0.080007
3 0.146825 0.694678 0.131186 0.134454
2 0.572129 0.706670 0.056956 0.055847
2 0.609944 0.664566 0.071429 0.041667
1 0.674837 0.537640 0.081699 0.052521
1 0.505019 0.707195 0.065593 0.048144
1 0.482376 0.656338 0.049720 0.036064
1 0.407913 0.639443 0.073063 0.039391
1 0.289799 0.609331 0.064192 0.044993
0 0.401377 0.570991 0.068394 0.055847
