1 0.258061 0.786872 0.106399 0.122685
1 0.575149 0.692295 0.070933 0.075728
1 0.437748 0.788194 0.065476 0.059193
1 0.198661 0.365245 0.068948 0.167659
1 0.281994 0.348710 0.065476 0.068452
1 0.568948 0.034557 0.104663 0.068452
0 0.382068 0.333333 0.109871 0.169974
0 0.623884 0.371032 0.097470 0.127646
3 0.885045 0.325066 0.229911 0.125000
3 0.913318 0.453704 0.173363 0.103836
3 0.804563 0.633267 0.285218 0.193783
0 0.661086 0.205853 0.171875 0.174934
1 0.574281 0.836475 0.072669 0.071098
0 0.373140 0.178571 0.102927 0.158069
