1 0.083664 0.697669 0.105159 0.081845
3 0.190642 0.190352 0.103505 0.132688
3 0.576058 0.309400 0.667328 0.232887
3 0.569610 0.156374 0.541997 0.114335
3 0.721396 0.533234 0.491733 0.203869
3 0.666667 0.698661 0.379630 0.123016
3 0.904597 0.683656 0.087632 0.090526
3 0.480489 0.854043 0.490079 0.189732
3 0.132606 0.806548 0.222884 0.123016
3 0.263393 0.727927 0.102183 0.068948
3 0.390542 0.713170 0.134921 0.102431
3 0.433697 0.494296 0.088955 0.130456
3 0.127480 0.316964 0.235780 0.110119
3 0.121693 0.447049 0.232804 0.145585
