3 0.174486 0.149247 0.137021 0.072304
3 0.614379 0.393732 0.161998 0.132353
3 0.903245 0.402048 0.126751 0.100665
3 0.800420 0.325368 0.105042 0.072304
3 0.759570 0.416754 0.148926 0.162990
3 0.750000 0.604954 0.161998 0.152136
3 0.707750 0.689776 0.126984 0.085434
3 0.535598 0.743347 0.176704 0.089636
3 0.641340 0.829219 0.122549 0.099615
2 0.203665 0.728029 0.157563 0.116071
2 0.062908 0.628414 0.121148 0.126926
1 0.249650 0.094538 0.109477 0.070028
1 0.404995 0.028711 0.113912 0.057073
1 0.561858 0.018995 0.129785 0.032738
0 0.413049 0.327031 0.179505 0.132353
0 0.516690 0.566614 0.144491 0.143382
3 0.391223 0.594625 0.094771 0.100665
