3 0.502684 0.079219 0.122549 0.081057
3 0.411648 0.029412 0.121148 0.058123
2 0.270075 0.128414 0.132586 0.083158
2 0.167951 0.420606 0.083333 0.054797
2 0.208100 0.526698 0.096405 0.058999
2 0.237979 0.590774 0.109477 0.057948
1 0.425420 0.891106 0.096405 0.076681
3 0.288982 0.961134 0.094771 0.052521
3 0.569911 0.389968 0.131419 0.081057
3 0.404995 0.368085 0.078898 0.046043
3 0.373716 0.488445 0.056956 0.050420
1 0.396242 0.568890 0.075864 0.049195
0 0.677871 0.432598 0.096172 0.098389
0 0.776377 0.455620 0.106443 0.100665
0 0.620915 0.553484 0.128385 0.075455
0 0.355392 0.625175 0.160364 0.072129
0 0.693861 0.264706 0.096405 0.071078
3 0.431956 0.248775 0.062792 0.043768
3 0.542134 0.241159 0.195378 0.081057
3 0.670635 0.324842 0.140056 0.088761
3 0.254785 0.032651 0.084734 0.064601
