0 0.525385 0.737045 0.093838 0.197246
0 0.499125 0.836251 0.076331 0.149627
3 0.148985 0.330065 0.276961 0.234360
3 0.251313 0.222456 0.202906 0.252568
3 0.463235 0.187908 0.280112 0.372549
3 0.594188 0.222923 0.093137 0.255836
3 0.758141 0.219188 0.276085 0.284314
3 0.717087 0.417134 0.245098 0.162465
1 0.855217 0.557190 0.061275 0.088235
1 0.959209 0.864846 0.081583 0.166667
1 0.401173 0.917834 0.124125 0.164332
1 0.311712 0.731676 0.075455 0.118814
1 0.189163 0.612395 0.083508 0.126284
1 0.286239 0.610177 0.043768 0.073296
2 0.265581 0.956583 0.107493 0.086835
