4 0.235761 0.334734 0.093371 0.044818
4 0.208100 0.748249 0.096405 0.062325
2 0.239379 0.705620 0.097806 0.044993
2 0.289099 0.359856 0.062792 0.029587
2 0.573529 0.633929 0.048086 0.032913
0 0.468487 0.674982 0.085901 0.053746
0 0.340803 0.755952 0.102241 0.066877
0 0.564776 0.223039 0.086134 0.071078
0 0.591036 0.415704 0.062558 0.047094
1 0.408613 0.586397 0.051120 0.038340
1 0.507120 0.604429 0.066993 0.050245
1 0.571429 0.591299 0.046685 0.046043
1 0.726774 0.160714 0.062792 0.042717
1 0.754435 0.196866 0.054155 0.049195
1 0.575047 0.093925 0.065593 0.031688
1 0.653011 0.122374 0.066993 0.042717
2 0.599790 0.066614 0.088936 0.042542
0 0.599090 0.950718 0.102007 0.084209
1 0.318978 0.960084 0.090336 0.061275
1 0.395542 0.991509 0.062792 0.016982
1 0.745682 0.984944 0.056723 0.030112
1 0.650093 0.641106 0.032213 0.018557
