0 0.637021 0.485732 0.107843 0.127976
0 0.704832 0.519083 0.123950 0.098389
0 0.379552 0.533351 0.118114 0.135679
2 0.061508 0.567227 0.077264 0.061275
1 0.113212 0.594013 0.096172 0.079832
1 0.308707 0.722602 0.137021 0.067752
1 0.244514 0.683211 0.073063 0.058999
1 0.413749 0.632878 0.099206 0.050420
1 0.561858 0.729167 0.094771 0.050420
1 0.839753 0.594538 0.066993 0.061275
1 0.888655 0.550245 0.083100 0.073179
1 0.720938 0.184786 0.088936 0.073354
1 0.366363 0.145396 0.091737 0.062500
1 0.570612 0.163953 0.088936 0.055847
2 0.661881 0.128414 0.087535 0.058999
2 0.490313 0.118522 0.112278 0.043768
2 0.305089 0.190826 0.080299 0.061275
2 0.383170 0.209384 0.064192 0.050420
