4 0.133637 0.275648 0.169234 0.110469
4 0.132937 0.592962 0.115079 0.077731
3 0.257703 0.084121 0.072829 0.165091
3 0.402194 0.046306 0.186741 0.091912
1 0.456116 0.377363 0.072829 0.042542
1 0.219771 0.593487 0.090336 0.105042
0 0.689426 0.278887 0.122549 0.123599
0 0.566293 0.343487 0.126984 0.106092
0 0.837652 0.418417 0.112278 0.085434
1 0.667717 0.765231 0.099206 0.045868
2 0.268557 0.495011 0.077264 0.054797
2 0.124883 0.404149 0.113912 0.074405
2 0.197829 0.348389 0.084734 0.043768
2 0.232143 0.400910 0.106676 0.067927
0 0.862395 0.684261 0.095005 0.067752
0 0.799603 0.665704 0.097806 0.056898
0 0.787232 0.319415 0.102007 0.090861
0 0.746382 0.491684 0.075864 0.076506
3 0.679388 0.971814 0.169234 0.056373
