0 0.062908 0.412377 0.118347 0.077556
0 0.070261 0.474177 0.094771 0.046043
0 0.120448 0.369748 0.105042 0.086485
1 0.320378 0.431548 0.066993 0.059174
1 0.111111 0.518557 0.059757 0.053571
1 0.936858 0.463761 0.077264 0.062325
1 0.968021 0.445816 0.063959 0.056898
1 0.424020 0.184174 0.075864 0.052521
4 0.969538 0.818277 0.060924 0.097339
3 0.243814 0.564951 0.237862 0.070028
3 0.252568 0.668943 0.234827 0.140056
3 0.762372 0.604342 0.163399 0.105042
3 0.633987 0.538690 0.093371 0.078782
3 0.418184 0.535452 0.110878 0.094013
3 0.807773 0.325455 0.239262 0.078782
3 0.591036 0.389881 0.118114 0.078782
3 0.629669 0.323179 0.096405 0.052521
