0 0.168417 0.119514 0.145658 0.199346
0 0.052696 0.380602 0.092437 0.118814
0 0.274335 0.546569 0.139356 0.179505
0 0.406425 0.598039 0.120273 0.148459
0 0.930585 0.428805 0.138831 0.315126
0 0.402486 0.839402 0.125000 0.181606
2 0.495098 0.725957 0.122549 0.109244
2 0.924895 0.879785 0.108193 0.124183
2 0.725490 0.901494 0.086835 0.152661
2 0.659489 0.892974 0.067577 0.082866
1 0.805147 0.664332 0.072479 0.119981
1 0.548057 0.359360 0.086660 0.123016
0 0.384104 0.430906 0.123249 0.187675
4 0.787990 0.947596 0.108193 0.104809
