2 0.203665 0.214286 0.119748 0.095238
2 0.316060 0.172181 0.113912 0.089811
2 0.677871 0.162903 0.078898 0.077556
1 0.741363 0.351103 0.071429 0.060049
3 0.477241 0.254289 0.144491 0.282388
3 0.166900 0.440214 0.333333 0.109419
3 0.588819 0.440826 0.172035 0.224440
3 0.810574 0.443015 0.271475 0.115021
3 0.260504 0.664566 0.361811 0.175070
3 0.359010 0.493873 0.211485 0.102941
3 0.770542 0.692489 0.255369 0.246324
1 0.561158 0.931022 0.137255 0.081933
1 0.216153 0.280550 0.056956 0.030637
3 0.538515 0.778361 0.190943 0.133403
