0 0.611345 0.070612 0.074930 0.076331
0 0.533701 0.082400 0.086660 0.065826
0 0.819065 0.114729 0.065301 0.079599
0 0.836485 0.160948 0.140056 0.099673
0 0.486345 0.265990 0.081232 0.114613
0 0.511467 0.353992 0.077206 0.087068
0 0.295781 0.422969 0.159839 0.163399
0 0.628414 0.654879 0.088410 0.107143
0 0.816176 0.492414 0.064426 0.088002
0 0.809086 0.577381 0.091562 0.111345
0 0.499125 0.816060 0.090686 0.111578
4 0.280637 0.632470 0.046919 0.060458
2 0.275910 0.721055 0.050070 0.065826
2 0.320903 0.846289 0.066877 0.080532
0 0.256828 0.826097 0.056373 0.101774
0 0.210259 0.701447 0.076331 0.075163
1 0.556460 0.485644 0.057248 0.072129
