2 0.242997 0.275648 0.093371 0.066702
1 0.712885 0.290354 0.084500 0.041492
3 0.643557 0.551908 0.074230 0.054797
3 0.852241 0.562325 0.091970 0.079832
3 0.838352 0.641632 0.096405 0.087535
3 0.773343 0.692489 0.083100 0.062500
3 0.804739 0.742209 0.087535 0.048144
2 0.956349 0.731880 0.087302 0.066702
0 0.516573 0.472514 0.080299 0.088585
0 0.764589 0.916842 0.112278 0.112745
0 0.593954 0.502101 0.095005 0.090686
2 0.255486 0.791492 0.068394 0.052521
0 0.781396 0.292542 0.099206 0.115896
0 0.894491 0.513568 0.074230 0.081057
0 0.521709 0.944678 0.093371 0.076681
0 0.655229 0.917367 0.118114 0.096289
0 0.679972 0.781600 0.129785 0.083158
0 0.747199 0.546394 0.080299 0.094188
3 0.739146 0.453344 0.078665 0.065651
