3 0.898693 0.772409 0.202614 0.149860
3 0.909664 0.662990 0.180672 0.130252
2 0.848623 0.250963 0.099206 0.076506
1 0.515990 0.194678 0.110878 0.088585
1 0.626751 0.206670 0.113912 0.084209
1 0.524627 0.273459 0.096405 0.062325
1 0.394841 0.207195 0.122549 0.074405
1 0.283964 0.232405 0.113679 0.074405
1 0.177521 0.276698 0.064192 0.047094
1 0.073179 0.428834 0.077264 0.047094
1 0.064309 0.491772 0.109477 0.078782
1 0.099323 0.591299 0.065593 0.050245
1 0.123366 0.626838 0.064192 0.051296
1 0.166433 0.669555 0.083100 0.055847
