2 0.215453 0.172269 0.128385 0.105042
2 0.714986 0.112045 0.091970 0.089636
2 0.339402 0.129552 0.119514 0.087535
2 0.281046 0.138831 0.067227 0.062325
2 0.174486 0.261905 0.078665 0.050420
1 0.791667 0.313901 0.075864 0.064426
1 0.608543 0.925508 0.126984 0.084209
4 0.351774 0.708859 0.085901 0.068978
3 0.495448 0.201768 0.157563 0.308648
3 0.173086 0.408001 0.341503 0.115021
3 0.375117 0.468225 0.234827 0.110469
3 0.299253 0.645396 0.374883 0.180497
3 0.623133 0.402486 0.161765 0.226541
3 0.852824 0.405812 0.294351 0.147759
3 0.829599 0.676120 0.271242 0.263655
3 0.896592 0.481268 0.206816 0.088585
3 0.589519 0.767419 0.214519 0.135679
1 0.221989 0.240546 0.059757 0.036064
