1 0.731793 0.712185 0.107843 0.073179
1 0.170051 0.211572 0.099206 0.085259
1 0.224907 0.252101 0.074463 0.045868
1 0.305789 0.225315 0.078898 0.051471
1 0.413049 0.171656 0.103408 0.060049
1 0.561041 0.123512 0.099206 0.055847
1 0.637722 0.163428 0.062558 0.048144
1 0.516690 0.276173 0.100607 0.074405
1 0.469888 0.306197 0.071429 0.053571
2 0.701214 0.171131 0.067227 0.056898
2 0.260621 0.322654 0.073063 0.049370
2 0.332049 0.143207 0.084734 0.075630
2 0.367764 0.112570 0.086134 0.062325
2 0.871148 0.647672 0.071429 0.055847
3 0.091387 0.761992 0.178105 0.142332
3 0.053455 0.447391 0.105042 0.294293
