1 0.296335 0.319940 0.144491 0.094013
1 0.212418 0.547006 0.119514 0.101716
1 0.666900 0.604954 0.077498 0.060049
1 0.742764 0.674370 0.056956 0.043768
2 0.534897 0.695291 0.108077 0.091912
2 0.896709 0.400823 0.122549 0.074405
2 0.683590 0.292542 0.075864 0.070028
1 0.690243 0.341824 0.062558 0.030637
0 0.723039 0.434261 0.084734 0.057948
0 0.777077 0.497199 0.049486 0.037115
0 0.823646 0.633403 0.052521 0.068978
0 0.319678 0.586397 0.112278 0.092962
0 0.363445 0.621936 0.112512 0.120273
0 0.485994 0.377889 0.100840 0.063550
0 0.515173 0.734069 0.126984 0.077731
0 0.635504 0.768032 0.113679 0.071078
0 0.536998 0.804097 0.112278 0.099440
0 0.546569 0.566089 0.087535 0.048144
3 0.201447 0.610994 0.103641 0.063375
3 0.275910 0.671218 0.080299 0.070028
3 0.372899 0.719800 0.166433 0.064601
