0 0.522817 0.328869 0.117725 0.090774
0 0.602679 0.335813 0.119378 0.100198
0 0.693783 0.360119 0.132275 0.101190
0 0.667328 0.532738 0.133598 0.112103
0 0.686177 0.440476 0.099206 0.069940
2 0.100198 0.394097 0.158069 0.080853
2 0.105324 0.638889 0.136574 0.106647
2 0.195106 0.649678 0.100529 0.072173
2 0.235284 0.597346 0.086310 0.062748
2 0.276951 0.669023 0.106151 0.089534
4 0.235284 0.738591 0.118056 0.103671
4 0.336640 0.710069 0.087963 0.085317
2 0.154101 0.504588 0.105159 0.088542
2 0.267692 0.452381 0.079034 0.087302
1 0.879464 0.532738 0.088955 0.079861
1 0.865741 0.464782 0.079365 0.060516
3 0.938327 0.305184 0.123347 0.131696
3 0.404101 0.053819 0.182540 0.086310
3 0.421462 0.149926 0.217262 0.101438
3 0.580357 0.141245 0.166667 0.131696
1 0.749339 0.206969 0.093254 0.060268
