0 0.221814 0.482843 0.116947 0.153828
0 0.299020 0.445845 0.061275 0.105042
0 0.290266 0.556139 0.116947 0.143091
0 0.426296 0.827731 0.051821 0.124183
0 0.873162 0.567810 0.071604 0.117880
2 0.758141 0.492530 0.054797 0.100840
2 0.722689 0.568861 0.049370 0.064893
1 0.692489 0.502451 0.046043 0.063725
2 0.931285 0.803338 0.074755 0.102941
2 0.969975 0.819795 0.060049 0.129318
2 0.085259 0.736928 0.105042 0.112512
2 0.222164 0.967670 0.111345 0.064659
1 0.140669 0.832983 0.069153 0.117880
0 0.619660 0.524860 0.102766 0.152894
0 0.643557 0.792134 0.066176 0.099673
