3 0.689542 0.557335 0.154528 0.098564
3 0.779295 0.619748 0.275677 0.096289
3 0.686625 0.708859 0.201447 0.167367
3 0.392624 0.833071 0.120915 0.124825
3 0.526027 0.825980 0.110878 0.147759
3 0.302871 0.673319 0.218721 0.094188
0 0.310924 0.469800 0.100840 0.081057
2 0.103058 0.617560 0.099206 0.072304
1 0.515173 0.724790 0.100840 0.052521
1 0.354692 0.755427 0.095005 0.063375
1 0.803338 0.500525 0.055322 0.043768
1 0.846989 0.466036 0.075864 0.060224
1 0.798903 0.288253 0.075864 0.048144
1 0.610761 0.154674 0.110878 0.056898
1 0.433473 0.182598 0.100840 0.044818
1 0.223389 0.266807 0.068627 0.044818
1 0.151144 0.352766 0.066993 0.059174
2 0.166550 0.458333 0.062792 0.046919
