1 0.690243 0.435924 0.059757 0.045868
1 0.693861 0.576506 0.055322 0.046919
1 0.157680 0.460522 0.097806 0.092962
1 0.286765 0.953431 0.122549 0.089636
2 0.354692 0.841299 0.077264 0.057948
1 0.615780 0.840774 0.080299 0.046043
1 0.654528 0.150298 0.072829 0.028536
2 0.576447 0.071516 0.065593 0.056898
0 0.903245 0.652574 0.126751 0.098564
0 0.920752 0.746674 0.138422 0.113796
0 0.825980 0.731355 0.074463 0.098564
1 0.540733 0.767419 0.099206 0.050245
2 0.532680 0.813901 0.071429 0.053571
2 0.675654 0.099440 0.077264 0.066877
0 0.817110 0.480742 0.123950 0.122549
1 0.615079 0.675508 0.070028 0.039391
