1 0.195203 0.524743 0.066877 0.101774
1 0.257966 0.253268 0.044643 0.042484
0 0.653536 0.382703 0.076331 0.146359
0 0.445816 0.362395 0.124125 0.133754
0 0.550420 0.633053 0.134454 0.174136
0 0.655025 0.696779 0.106618 0.182540
0 0.544905 0.784781 0.129727 0.133520
2 0.760942 0.734360 0.098564 0.143324
2 0.711572 0.855392 0.100315 0.122082
2 0.490809 0.894024 0.104167 0.123249
2 0.264793 0.563492 0.072304 0.070962
2 0.148547 0.801704 0.144083 0.146359
2 0.221814 0.908380 0.166317 0.181373
0 0.710784 0.519491 0.101891 0.157096
