0.031147
0.996301
0.822897
0.966716
0.994534
0.984252
0.821367
0.999547
0.997657
0.999944
0.225827
0.905674
0.972598
0.999751
0.910909
0.996235
0.665980
0.830473
0.999921
0.997804
0.999733
0.998839
0.997086
0.933492
0.032964
0.998406
0.999821
0.292788
0.170696
0.737342
0.989168
0.961339
0.986859
0.876275
0.959584
0.894962
0.999046
0.999450
0.903076
0.863707
0.987016
0.865889
0.999580
0.999884
0.999919
0.994660
0.049635
0.997148
0.999956
0.984773
0.697034
0.997867
0.992422
0.631590
0.996959
0.129149
0.998098
0.946649
0.993354
0.995498
0.962560
0.769742
0.986392
0.991961
0.996187
0.997155
0.876639
0.999906
0.999932
0.827002
0.977016
0.980895
0.577298
0.973306
0.984106
0.996697
0.992840
0.999321
0.998503
0.998532
0.997520
0.999860
0.958090
0.999833
0.903293
0.899073
0.990212
0.987329
0.956433
0.998539
0.085837
0.349790
0.994495
0.928990
0.339959
0.721627
0.939822
0.999928
0.994034
0.978441
0.992844
0.987445
0.999284
0.064507
0.972647
0.999608
0.910061
0.121535
0.999877
0.995704
0.998781
0.237998
0.999974
0.999361
0.954133
0.977340
0.998980
0.994402
0.997405
0.984095
0.999397
0.917727
0.998779
0.993719
0.924156
0.999593
0.955496
0.993638
0.983808
0.976010
0.870537
0.989343
0.999657
0.988940
0.987832
0.999955
0.999933
0.996420
0.999782
0.987443
0.987909
0.050759
0.216971
0.999737
0.999485
0.802426
0.197008
0.999978
0.967149
0.864130
0.560498
0.959878
0.994725
0.988485
0.652016
0.655418
0.991812
0.997265
0.991407
0.994857
0.793124
0.997864
0.989377
0.994455
0.996623
0.994620
0.856764
0.999843
0.999605
0.165898
0.056586
0.999979
0.779714
0.999347
0.999917
0.807680
0.979204
0.994030
0.783139
0.957913
0.999588
0.998096
0.999960
0.994610
0.999912
0.929774
0.093198
0.995547
0.685355
0.513240
0.996549
0.095219
0.828007
0.998207
0.924211
0.999522
0.997557
0.927048
0.999899
0.999742
0.987335
0.998497
0.999341
0.970741
0.766355
0.980948
0.821841
0.946192
0.995375
0.995835
0.996688
0.991467
0.997632
0.999441
0.564983
0.477195
0.526866
0.999037
0.998592
0.999555
0.838282
0.982936
0.996104
0.995798
0.960075
0.996331
0.999079
0.574506
0.999058
0.999336
0.985302
0.998750
0.999868
0.999942
0.972953
0.910264
0.986303
0.852038
0.997762
0.998932
0.999776
0.999968
0.335537
0.998947
0.999411
0.114070
0.999843
0.102072
0.990159
0.232415
0.890866
0.977207
0.621138
0.424277
0.928591
0.672328
0.993975
0.107500
0.990792
0.977130
0.998454
0.399847
0.999539
0.996194
0.995341
0.983300
0.161222
0.706384
0.986458
0.996890
0.997475
0.892962
0.996461
0.971551
0.998895
0.569764
0.091925
0.992435
0.918908
0.990079
0.999977
0.995586
0.997481
0.994596
0.971730
0.982749
0.052201
0.484616
0.973253
0.302781
0.998013
0.999786
0.955983
0.999622
0.045652
0.955894
0.999683
0.995853
0.999431
0.981010
0.308470
0.902361
0.940955
0.764368
0.952258
0.986294
0.948168
0.986944
0.999734
0.676445
0.982761
0.999809
0.998601
0.999969
0.683470
0.915535
0.862763
0.969250
0.996940
0.999735
0.376428
0.045771
0.995125
0.258838
0.935744
0.997391
0.993524
0.997356
0.982308
0.998254
0.110588
0.108788
0.938713
0.001035
0.998715
0.999931
0.999806
0.999091
0.999961
0.995605
0.999964
0.956738
0.836806
0.991426
0.332566
0.971914
0.999973
0.178475
0.987053
0.994667
0.999814
0.982233
0.656621
0.998846
0.994112
0.129037
0.847772
0.997079
0.950644
0.097233
0.996910
0.950112
0.991310
0.993936
0.970514
0.934760
0.995843
0.999990
0.815527
0.807267
0.999985
0.866241
0.838607
0.041147
0.857194
0.984443
0.997534
0.999971
0.229603
0.978257
0.996373
0.999630
0.997790
0.999881
0.996673
0.798489
0.907731
0.984588
0.921537
0.913137
0.998773
0.952324
0.964948
0.999973
0.996204
0.999621
0.985019
0.999947
0.999960
0.999955
0.999903
0.818557
0.008167
0.103261
0.998722
0.969152
0.991835
0.007507
0.999338
0.963409
0.966201
0.940924
0.993041
0.999787
0.992771
0.993357
0.994888
0.408982
0.993096
0.979523
0.997622
0.999927
0.997491
0.997005
0.988844
0.987684
0.330868
0.998504
0.064051
0.988386
0.999954
0.507798
0.836253
0.510322
0.951992
0.999923
0.664518
0.406662
0.324304
0.983066
0.995398
0.984773
0.999595
0.901997
0.882024
0.955521
0.874011
0.969722
0.992933
0.998675
0.998105
0.025010
0.006701
0.995289
0.914634
0.746599
0.999982
0.154818
0.998438
0.989822
0.009888
0.979457
0.886169
0.994175
0.998282
0.316259
0.981319
0.985862
0.998818
0.973722
0.999327
0.087155
0.125699
0.922790
0.999985
0.982643
0.249822
0.009843
0.998834
0.609897
0.999400
0.951385
0.964623
0.993509
0.967588
0.488481
0.926114
0.015701
0.999276
0.995680
0.995908
0.728541
0.988489
0.999785
0.944811
0.997213
0.919845
0.996164
0.999529
0.990994
0.985040
0.991563
0.982777
0.998773
0.947330
0.040975
0.737937
0.978484
0.996896
0.999553
0.994710
0.997539
0.905451
0.975470
0.387620
0.999697
0.891256
0.998869
0.960811
0.164973
0.994283
0.999548
0.956863
0.988817
0.999249
0.996435
0.998232
0.999982
0.998091
0.974926
0.986769
0.998271
0.993487
0.998631
0.992953
0.908714
0.950394
0.993109
0.917782
0.535632
0.998488
0.999761
0.995857
0.999088
0.979885
0.787938
0.994400
0.887602
0.993414
0.999926
0.720543
0.998283
0.991157
0.997602
0.977653
0.999947
0.996001
0.999949
0.039392
0.994067
0.961870
0.860029
0.468219
0.108895
0.999830
0.998921
0.998734
0.906792
0.985393
0.983676
0.998728
0.996648
0.982509
0.998834
0.992436
0.999850
0.245706
0.910094
0.919367
0.992458
0.988374
0.961114
0.091581
0.994563
0.932692
0.999957
0.999463
0.872664
0.998064
0.747885
0.995510
0.164549
0.977248
0.933966
0.976877
0.998373
0.993904
0.926241
0.122397
0.993403
0.999740
0.999958
0.989536
0.999396
0.997163
0.999316
0.997613
0.999839
0.957151
0.975144
0.966636
0.997736
0.975054
0.842734
0.080162
0.557500
0.943493
0.997505
0.389578
0.999153
0.999995
0.625811
0.170139
0.729593
0.994984
0.540547
0.936555
0.997291
0.998245
0.994954
0.996137
0.999103
0.995063
0.973392
0.999895
0.999333
0.704455
0.991077
0.987792
0.953510
0.994515
0.996488
0.999914
0.999931
0.996069
0.981398
0.003580
0.994603
0.985335
0.071812
0.823182
0.945841
0.999797
0.118875
0.999136
0.993612
0.992555
0.484296
0.999032
0.998613
0.989740
0.732125
0.944798
0.813334
0.996872
0.994455
0.983138
0.630633
0.995559
0.442004
0.861170
0.999956
0.989791
0.802415
0.999967
0.013965
0.014156
0.994629
0.997911
0.309906
0.999833
0.999963
0.999839
0.944122
0.383025
0.999983
0.987612
0.987436
0.991529
0.904322
0.994940
0.973677
0.132699
0.095376
0.949347
0.999803
0.998943
0.464807
0.258015
0.025641
0.996236
0.596588
0.962054
0.977621
0.969865
0.997657
0.050535
0.997740
0.999263
0.930355
0.999241
0.999838
0.999971
0.928486
0.019184
0.982427
0.090048
0.936059
0.999745
0.976185
0.985060
0.957477
0.985675
0.985794
0.997765
0.911936
0.995225
0.937532
0.984749
0.519904
0.043017
0.038888
0.982044
0.999796
0.999813
0.988873
0.999126
0.966878
0.999852
0.919781
0.992763
0.024844
0.998692
0.951305
0.984862
0.943158
0.999961
0.996596
0.997806
0.711994
0.802001
0.982741
0.999989
0.998260
0.976370
0.906750
1.000000
0.995955
0.135032
0.197919
0.755849
0.985748
0.932247
0.996541
0.993649
0.993677
0.999933
0.870501
0.983958
0.967013
0.807247
0.103191
0.990399
0.815762
0.980269
0.996295
0.987694
0.998981
0.083444
0.253146
0.988941
0.958286
0.999985
0.982615
0.976392
0.949195
0.895889
0.994367
0.907708
0.926737
0.243053
0.998375
0.140782
0.997546
0.244925
0.998626
0.922827
0.992110
0.977981
0.966934
0.998860
0.987108
0.987803
0.999902
0.998501
0.962673
0.913243
0.890164
0.999973
0.979864
0.986316
0.952671
0.995611
0.187226
0.900203
0.990658
0.999984
0.335383
0.999179
0.999667
0.074489
0.201338
0.503542
0.989603
0.998133
0.138773
0.995030
0.992990
0.999952
0.322210
0.995778
0.988349
0.896680
0.870632
0.994416
0.939438
0.990183
0.973871
0.266062
0.916874
0.969746
0.904651
0.999996
0.996871
0.469073
0.998654
0.998060
0.698990
0.999969
0.931523
0.969408
0.982330
0.995254
0.999862
0.996807
0.210262
0.967095
0.999940
0.558021
0.999979
0.925785
0.999535
0.995774
0.989337
0.213162
0.999142
0.589013
0.923533
0.992707
0.995196
0.993326
0.933997
0.790068
0.939707
0.012930
0.057824
0.999625
0.998803
0.997629
0.999943
0.985983
0.897321
0.995877
0.921946
0.983804
0.974411
0.420997
0.998162
0.980052
0.991300
0.990295
0.996205
0.997856
0.951345
0.998027
0.947813
0.993703
0.997029
0.993447
0.885671
0.985927
0.992616
0.986972
0.995584
0.956086
0.875675
0.603720
0.881678
0.923493
0.955629
0.999478
0.911762
0.968884
0.994423
0.999829
0.765814
0.978517
0.995827
0.741043
0.948922
0.998473
0.870377
0.997750
0.987730
0.571948
0.996369
0.008690
0.999801
0.990690
0.990296
0.996585
0.889652
0.957302
0.986295
0.991825
0.427932
0.999000
0.288361
0.999187
0.998072
0.999908
0.984470
0.999325
0.999682
0.855682
0.852640
0.999957
0.977308
0.960029
0.996087
0.501675
0.629387
0.999857
0.971600
0.999730
0.999935
0.997795
0.999986
0.997972
0.310248
0.990593
0.765446
0.999898
0.981622
0.992620
0.998517
0.875105
0.559826
0.996994
0.999061
0.837845
0.353804
0.990555
0.999357
0.964493
0.956378
0.975773
0.968394
0.997787
0.995996
0.992531
0.400466
0.939826
0.998966
0.994549
0.084877
0.990673
0.997255
0.989197
0.986213
0.229557
0.972445
0.997357
0.756044
0.016376
0.993435
0.171271
0.927475
0.703127
0.994850
0.961655
0.953780
0.968468
0.999865
0.999684
0.991011
0.974563
0.965456
0.997083
0.999637
0.999717
0.934617
0.999129
0.004022
0.999393
0.603544
0.991851
0.989422
0.998859
0.997275
0.993692
0.999991
0.961605
0.033044
0.882076
0.952941
0.259088
0.999910
0.999962
0.806817
0.240185
0.999907
0.759362
0.995346
0.988656
0.978775
